4  1  4  11

E  -2696225.53050   4683062.63880   3376832.81810
B  -2700177.63350   4681527.95950   3375839.60350
D  -2699182.70680   4680027.05690   3378669.13320
F  -2697018.65340   4684079.95810   3374834.17150

1  3
E  D   -2957.16260   -3035.57970    1836.34360 
E  B   -3952.07950   -1534.70290    -993.22100 
E  F    -793.13140    1017.30470   -1998.66120 
  1  7.850861760e-005
  2 -2.471685801e-005  1.190623713e-003
  3 -2.489406265e-005  7.620061882e-004  5.858825110e-004
  4  2.149060269e-005  6.430515318e-006  1.462952011e-006  3.733648757e-005
  5  3.062423575e-006  4.609655566e-004  3.510663102e-004  3.381210927e-005
     9.179258569e-004
  6  7.417859564e-006  3.459507505e-004  2.954371054e-004  2.482898906e-005
     6.887376146e-004  5.796751063e-004
  7  2.210917883e-005  5.300236223e-006 -1.825758347e-006  2.073106811e-005
     9.943359488e-006  7.278269034e-006  4.642445807e-005
  8 -1.048520922e-006  4.628159498e-004  3.540182086e-004  8.882737949e-006
     4.661941757e-004  3.523800695e-004  5.984046242e-005  9.618365275e-004
  9  1.150444983e-005  3.404885022e-004  2.908193245e-004  7.134728484e-006
     3.516319393e-004  3.007066556e-004  4.582382852e-005  7.133950503e-004
     5.986017666e-004
2  3
B  F    3158.95990    2552.02550   -1005.41900 
B  E    3952.09250    1534.71290     993.22300 
B  D     994.94560   -1500.89960    2829.56980 
  1  5.339296663e-005
  2 -1.680970084e-005  8.097319010e-004
  3 -1.693021603e-005  5.182331854e-004  3.984531420e-004
  4  1.461555517e-005  4.373332511e-006  9.949397952e-007  2.539219127e-005
  5  2.082725244e-006  3.134983055e-004  2.387568697e-004  2.299529500e-005
     6.242726740e-004
  6  5.044815973e-006  2.352778260e-004  2.009239749e-004  1.688596010e-005
     4.684039230e-004  3.942315449e-004
  7  1.503624294e-005  3.604640413e-006 -1.241680945e-006  1.409900291e-005
     6.762384532e-006  4.949881778e-006  3.157283386e-005
  8 -7.130891396e-007  3.147567403e-004  2.407644278e-004  6.041065877e-006
     3.170542397e-004  2.396503449e-004  4.069693125e-005  6.541359049e-004
  9  7.824067277e-006  2.315630027e-004  1.977834658e-004  4.852261210e-006
     2.391415487e-004  2.045077460e-004  3.116435140e-005  4.851732113e-004
     4.071033871e-004
3  2
D  E    2957.15350    3035.59070   -1836.34160 
D  B    -994.93420    1500.89760   -2829.56780 
  1  2.384382743e-005
  2  4.157187908e-005  4.813254192e-004
  3  2.994591633e-005  3.520064681e-004  2.881076716e-004
  4  1.130259115e-005  1.455147099e-005  1.139533495e-005  2.427402116e-005
  5  1.555022391e-005  2.398265841e-004  1.749393652e-004  3.119979203e-005
     5.152830888e-004
  6  1.022005497e-005  1.757934382e-004  1.432121865e-004  2.023070179e-005
     3.631564333e-004  2.881880621e-004
4  3
F  E     793.12290   -1017.31930    1998.64660 
F  D   -2164.04340   -4052.90120    3834.96170 
F  B   -3158.97010   -2551.99860    1005.43200 
  1  5.154152150e-004
  2  2.895495303e-004  3.167327078e-003
  3  2.620949254e-004  2.223689751e-003  1.761601201e-003
  4  3.746331264e-004  1.611639130e-004  1.558940793e-004  7.550239674e-004
  5  1.571959784e-004  1.693438674e-003  1.176569568e-003  3.241298821e-004
     3.599687646e-003
  6  1.578749395e-004  1.170304162e-003  9.156947389e-004  2.974905469e-004
     2.362272115e-003  1.760961571e-003
  7  4.547136016e-004  1.583931540e-004  1.618286822e-004  3.821031803e-004
     1.566002452e-004  1.577269631e-004  5.149463577e-004
  8  1.589510099e-004  1.796997515e-003  1.235843543e-003  1.574211642e-004
     1.749378761e-003  1.208523663e-003  2.509436271e-004  3.317908966e-003
  9  1.670922541e-004  1.224973980e-003  9.585523730e-004  1.497209976e-004
     1.217479761e-003  9.556923806e-004  2.203127077e-004  2.251221500e-003
     1.736276800e-003